1 33 6698 6
2 119 5957 2
3 35 4835 7
4 126 7017 3
5 125 8042 5
6 77 5672 8
7 81 7600 3
8 127 4303 9
9 108 7345 10
10 53 1771 1
11 127 2060 7
12 36 5592 3
13 118 1784 9
14 24 870 5
15 79 1099 2
16 100 5469 9
17 108 4231 7
18 19 6424 5
19 51 8209 7
20 145 7976 7
21 106 4575 9
22 51 8691 3
23 96 4654 6
24 13 3198 5
25 112 6500 4
26 120 2720 3
27 14 3314 9
28 43 6900 5
29 77 7825 7
30 3 6296 8
31 63 7414 8
32 120 6694 10
33 8 2427 10
34 14 4162 2
35 69 1867 8
36 20 7477 6
37 56 2519 3
38 147 2750 2
39 57 8061 8
40 89 619 8
41 147 3049 6
42 56 5708 7
43 3 8020 10
44 8 8082 8
45 57 7677 8
46 26 764 7
47 19 3614 7
48 64 3458 6
49 112 4061 3
50 16 4787 4
51 18 5107 10
52 51 4654 7
53 52 8580 10
54 68 1507 9
55 55 3777 6
56 144 1509 4
57 133 8093 10
58 43 2933 4
59 125 2882 9
60 104 1379 7
61 127 1861 7
62 108 4445 1
63 40 7761 7
64 60 7744 10
65 26 9075 4
66 140 4756 9
67 82 2693 9
68 69 7675 5
69 26 2682 10
70 53 9359 2
71 136 2245 8
72 6 6381 6
73 30 2495 3
74 135 9318 10
75 146 5753 7
76 21 4527 9
77 68 6818 8
78 56 8086 6
79 3 1982 5
80 125 5215 6
81 103 6908 7
82 62 3601 3
83 33 8657 1
84 70 5334 2
85 128 5104 7
86 131 3064 2
87 52 8025 10
88 53 3221 9
89 122 899 1
90 34 4654 5
91 112 2680 3
92 50 8220 2
93 119 9882 5
94 21 4943 2
95 134 1532 9
96 127 8489 3
97 128 2076 6
98 91 6969 1
99 115 2883 10
100 12 9341 7
101 105 3200 9
102 71 725 5
103 94 1418 3
104 37 1523 1
105 10 2091 2
106 136 6646 6
107 56 1742 4
108 92 8893 5
109 24 6981 5
110 18 5558 9
111 60 7125 9
112 96 819 1
113 45 7218 1
114 123 7915 10
115 22 6751 4
116 81 9899 4
117 64 7855 3
118 93 6046 7
119 126 2478 8
120 15 2907 3
121 18 8258 2
122 42 2180 7
123 140 5931 3
124 120 4521 4
125 138 8825 7
126 149 8466 4
127 15 2734 8
128 19 3426 7
129 28 4909 3
130 59 5170 3
131 104 4539 2
132 81 8431 4
133 94 614 2
134 99 4438 3
135 66 7135 3
136 91 5299 4
137 146 6369 1
138 47 8345 6
139 68 5422 6
140 145 1076 7
141 78 8752 2
142 110 8318 5
143 31 9100 9
144 25 695 4
145 130 4695 2
146 147 5967 1
147 66 2255 3
148 116 6501 2
149 63 3283 7
150 61 8949 4
151 8 4910 10
152 99 602 3
153 18 3961 1
154 19 5893 5
155 45 2753 8
156 77 9578 7
157 89 5677 9
158 4 1767 4
159 33 1899 3
160 97 9030 10
161 5 6742 8
162 66 4929 9
163 117 4345 5
164 47 3570 5
165 66 848 1
166 24 2782 6
167 74 3144 2
168 14 7150 9
169 2 7922 8
170 114 7529 3
171 58 9843 8
172 45 2550 1
173 135 7189 6
174 28 885 9
175 96 2104 7
176 144 8916 1
177 80 9516 3
178 118 8558 10
179 31 1928 6
180 139 615 9
181 73 9655 10
182 98 8198 7
183 101 8582 3
184 77 7228 9
185 97 618 10
186 15 5740 2
187 109 5943 4
188 17 6787 9
189 141 5486 9
190 95 7415 1
191 67 4178 3
192 102 9708 2
193 17 5459 6
194 48 6651 2
195 139 7093 1
196 92 1124 6
197 70 2928 3
198 46 4913 6
199 6 3197 5
200 47 992 7
201 42 4174 9
202 1 2302 8
203 141 8444 4
204 48 2190 8
205 58 3283 8
206 125 8796 7
207 71 4125 4
208 124 6841 1
209 82 543 8
210 126 2725 2
211 26 5366 1
212 120 7343 5
213 89 7396 1
214 15 7788 2
215 141 901 3
216 139 6055 2
217 88 8993 5
218 71 836 5
219 59 4602 10
220 64 9067 1
221 52 9193 2
222 119 2247 7
223 86 8068 1
224 4 1788 10
225 18 8004 7
226 119 7633 9
227 62 1543 4
228 20 5901 5
229 64 4233 7
230 127 519 10
231 96 8534 6
232 36 5661 8
233 69 6635 2
234 148 2366 5
235 20 4357 7
236 118 6497 6
237 128 5109 1
238 37 2016 10
239 65 4732 8
240 4 5687 6
241 8 7875 10
242 73 6529 2
243 117 9781 10
244 67 3286 1
245 114 6872 2
246 39 828 8
247 125 5260 7
248 17 4153 4
249 50 3937 1
250 137 4639 4
251 55 9607 1
252 20 5845 1
253 86 3917 7
254 61 838 2
255 59 630 5
256 68 6527 5
257 72 7217 6
258 104 4351 8
259 123 2190 4
260 46 5182 9
261 72 9720 7
262 98 4244 2
263 126 7591 8
264 83 4813 8
265 148 6018 5
266 54 2106 10
267 37 745 7
268 126 4561 7
269 128 519 2
270 9 2284 2
271 76 8239 4
272 148 1635 3
273 111 1287 3
274 5 4999 2
275 82 9573 6
276 25 3669 2
277 148 2097 9
278 65 9600 7
279 12 5727 1
280 140 9458 4
281 143 5158 3
282 23 4591 1
283 30 5822 5
284 101 9492 4
285 91 6321 5
286 12 3210 1
287 64 986 4
288 18 6100 8
289 81 8353 8
290 43 2579 1
291 49 3457 4
292 63 5095 10
293 128 5860 6
294 65 7705 8
295 143 8305 4
296 72 6021 3
297 118 7553 5
298 47 7912 2
299 6 1255 2
300 47 3742 10
301 145 4074 10
302 53 531 3
303 51 5331 7
304 16 9195 2
305 39 1050 9
306 79 7260 5
307 34 8172 5
308 99 4551 4
309 29 2754 9
310 135 6601 2
311 130 6740 7
312 55 2889 4
313 79 8846 3
314 75 833 6
315 135 9071 8
316 25 7329 6
317 98 7513 9
318 36 8763 3
319 136 8013 7
320 12 9934 7
321 108 1382 6
322 17 6884 2
323 109 4263 6
324 13 6659 6
325 77 5046 7
326 66 4629 3
327 93 9792 10
328 97 3574 3
329 84 8597 6
330 131 9559 6
331 68 4435 1
332 68 5400 1
333 2 926 10
334 84 3236 2
335 147 6014 5
336 131 9985 4
337 125 9426 1
338 73 712 6
339 6 822 6
340 56 5417 8
341 27 7105 1
342 122 7425 8
343 105 4658 9
344 51 5138 2
345 122 6340 1
346 17 1909 10
347 127 7322 6
348 133 7722 5
349 143 8139 4
350 89 3902 5
351 96 856 7
352 16 5399 4
353 10 3224 7
354 125 2729 9
355 21 662 8
356 59 8740 5
357 97 3009 8
358 81 1980 1
359 136 5045 5
360 90 1693 5
361 119 3546 1
362 46 7263 3
363 94 4477 10
364 21 2670 4
365 42 4144 10
366 143 4971 9
367 22 8763 9
368 100 7195 9
369 70 4251 5
370 41 978 3
371 83 3436 2
372 51 9933 7
373 83 8547 9
374 138 7603 6
375 142 6960 8
376 86 2065 9
377 73 2996 6
378 78 9735 7
379 7 4723 7
380 89 3364 7
381 68 5526 5
382 80 6539 5
383 85 918 10
384 135 1736 8
385 149 5929 1
386 68 5105 9
387 97 7171 7
388 43 7887 3
389 41 3863 4
390 93 602 2
391 115 4475 2
392 62 7973 2
393 8 8558 1
394 102 2047 5
395 50 6577 5
396 84 4920 5
397 123 8109 8
398 82 1990 7
399 136 9633 10
400 81 3261 4
401 3 653 2
402 106 6648 5
403 80 5478 6
404 61 9832 9
405 80 1187 10
406 23 1468 6
407 110 3213 4
408 90 4538 9
409 67 7957 5
410 9 5855 10
411 88 7831 2
412 121 5625 10
413 51 3163 5
414 60 8385 2
415 14 526 8
416 24 7726 9
417 115 934 4
418 5 6755 5
419 140 6711 1
420 40 1197 8
421 120 4392 10
422 26 7683 3
423 85 6218 8
424 22 997 10
425 124 7930 7
426 144 9950 10
427 103 5574 8
428 70 709 5
429 111 4048 10
430 150 9233 8
431 117 2119 4
432 59 510 4
433 23 4999 7
434 138 5967 1
435 57 1898 6
436 62 745 8
437 4 6991 4
438 25 6219 3
439 78 5237 4
440 125 1534 7
441 57 2508 10
442 76 6920 8
443 70 3603 3
444 68 6119 7
445 126 9946 2
446 143 1776 7
447 136 4329 10
448 122 7109 3
449 131 6579 10
450 74 4686 1
451 53 1581 9
452 107 2760 9
453 90 3524 3
454 127 8691 9
455 73 2759 10
456 68 8541 7
457 56 6612 1
458 57 9740 9
459 54 4933 2
460 33 6564 3
461 62 6003 9
462 137 7313 3
463 9 4022 2
464 93 1153 4
465 62 1424 3
466 149 5958 10
467 22 5020 1
468 17 3038 8
469 127 5851 8
470 135 1794 10
471 78 704 8
472 70 2022 9
473 27 4569 5
474 99 7886 5
475 99 7184 2
476 60 6650 6
477 14 8075 2
478 47 2404 10
479 81 9854 10
480 119 8358 10
481 70 3754 3
482 119 6072 4
483 44 8855 10
484 5 2551 6
485 127 4414 6
486 29 6605 5
487 99 1722 2
488 132 9368 1
489 131 754 5
490 138 2813 1
491 129 842 8
492 148 7926 7
493 79 6535 1
494 74 5869 9
495 81 5305 7
496 50 9167 2
497 124 3767 3
498 61 3069 9
499 104 9196 5
500 122 9607 1
501 120 4379 9
502 8 5478 7
503 118 6533 5
504 86 4332 9
505 130 9534 7
506 14 2773 1
507 66 9837 9
508 130 9241 1
509 135 4000 3
510 57 6557 2
511 115 810 7
512 25 1691 9
513 23 1436 10
514 118 3786 5
515 43 4747 5
516 27 1906 6
517 42 604 1
518 40 5453 6
519 77 6652 9
520 33 2584 9
521 24 9825 1
522 57 6095 4
523 105 7208 7
524 4 6102 9
525 27 3247 10
526 63 5456 10
527 107 8699 9
528 12 5906 3
529 44 7509 2
530 119 2575 2
531 55 520 10
532 139 641 5
533 14 3513 1
534 135 4957 10
535 30 4739 4
536 43 989 9
537 31 5336 5
538 98 1715 4
539 147 2788 5
540 129 952 3
541 65 1738 1
542 44 717 7
543 28 4130 9
544 54 3649 10
545 3 9522 3
546 24 2060 7
547 148 9526 5
548 91 3690 3
549 130 4835 8
550 24 6349 6
551 46 3185 2
552 143 1271 9
553 146 5697 4
554 80 2123 6
555 95 5306 5
556 30 2299 1
557 97 576 5
558 63 698 2
559 132 6031 10
560 125 3768 3
561 63 2349 4
562 27 2402 5
563 79 7028 1
564 13 4073 10
565 115 8821 3
566 139 6074 2
567 47 549 5
568 33 9241 1
569 44 2476 8
570 145 2785 2
571 105 8962 2
572 128 2661 8
573 16 5759 10
574 77 7369 6
575 5 7493 10
576 41 2886 10
577 13 5754 10
578 41 7665 6
579 117 2951 10
580 36 3310 3
581 54 3584 5
582 82 615 9
583 43 520 5
584 116 6585 3
585 67 8631 4
586 25 9052 5
587 123 3628 8
588 41 1570 3
589 27 3044 3
590 78 1576 7
591 3 8863 2
592 92 9161 6
593 5 8273 8
594 27 7673 6
595 97 7698 5
596 57 2266 2
597 117 868 1
598 130 6819 2
599 3 7629 2
600 90 1628 9
601 45 1510 3
602 94 651 5
603 35 5319 6
604 114 2551 4
605 72 5054 8
606 137 6938 10
607 37 3734 9
608 56 7538 10
609 76 2035 1
610 64 6294 5
611 35 2456 7
612 45 3614 8
613 56 6841 7
614 69 2492 5
615 31 1911 9
616 96 4368 2
617 82 1923 5
618 95 9577 7
619 111 5516 5
620 74 4751 7
621 126 1058 7
622 101 2928 1
623 13 6483 10
624 2 1513 1
625 73 4112 4
626 77 8569 6
627 59 9092 8
628 99 2454 4
629 13 1956 2
630 106 5814 8
631 143 759 4
632 129 526 1
633 142 6371 2
634 57 6148 8
635 51 4376 10
636 36 5116 5
637 9 1901 10
638 124 845 2
639 113 4995 1
640 84 1074 6
641 123 8632 6
642 72 799 1
643 104 1215 6
644 99 5487 9
645 142 5289 4
646 90 5000 1
647 122 3172 9
648 91 4981 1
649 5 4239 3
650 48 5982 4
651 50 586 7
652 143 5872 2
653 73 6260 3
654 72 3764 2
655 73 8265 5
656 121 4052 6
657 8 9127 1
658 80 2395 6
659 73 923 1
660 48 4769 5
661 21 9732 4
662 120 3368 3
663 62 6857 2
664 98 2699 2
665 17 4739 8
666 45 7232 8
667 9 2996 7
668 60 1985 10
669 9 8348 5
670 98 9009 6
671 62 6075 3
672 101 9718 6
673 88 1638 1
674 126 3758 7
675 86 3965 4
676 82 2324 2
677 23 8884 3
678 141 9619 7
679 97 2992 9
680 104 9125 3
681 113 3401 7
682 66 5185 1
683 148 6896 2
684 53 9546 4
685 79 2708 1
686 115 2419 9
687 16 4692 7
688 35 3426 5
689 34 7834 8
690 47 5675 1
691 63 5833 1
692 12 6738 2
693 135 2811 3
694 64 808 4
695 10 7688 9
696 74 2546 7
697 109 7637 5
698 54 6782 9
699 87 6357 10
700 133 2166 3
701 59 3140 7
702 134 3067 5
703 42 9346 1
704 58 3467 9
705 102 6692 7
706 108 2067 4
707 45 8110 10
708 145 941 10
709 109 4942 3
710 63 2555 3
711 15 5767 2
712 31 7448 2
713 89 3069 10
714 136 3602 2
715 22 2917 1
716 34 3277 2
717 101 750 6
718 21 898 2
719 123 5192 9
720 43 601 10
721 68 2507 9
722 58 5861 9
723 97 9054 10
724 97 4885 6
725 29 1387 1